Pos	Depth	0.05	0.25	0.5	0.75	0.95	T	W	S	G	A	C	M	N	K
1	16717	28	31	31	33	34	4264	3534	3576	3837	28	1396	34	37	11
2	16717	28	31	31	33	34	3956	4151	4529	2869	6	1114	8	53	31
3	16717	27	31	31	34	34	4031	3903	5063	3355	13	301	11	26	14
4	16717	32	35	37	37	37	3946	4448	4572	3693	7	6	37	8
5	16717	32	35	37	37	37	4145	4271	4378	3883	10	9	14	7
6	16717	32	35	37	37	37	3996	4125	4401	4146	13	7	17	12
7	16717	32	35	37	37	37	4377	3990	4451	3859	9	2	9	14	6
8	16717	32	35	37	37	37	4331	3825	4472	4042	11	2	12	9	13
9	16717	32	37	39	39	39	4433	3744	4274	4214	9	2	12	16	13
10	16717	32	37	39	39	39	4339	3848	4350	4140	8	1	9	18	4
11	16717	32	37	39	39	39	4351	3898	4410	4022	11	1	3	13	8
12	16717	32	37	39	39	39	4463	3904	4195	4117	12	1	8	10	7
13	16717	32	37	39	39	39	4293	4064	4309	6	9	4016	12	8
14	16717	32	38	39	40	41	4381	3966	4404	3907	16	5	29	9
15	16717	32	38	39	40	41	4271	3831	4600	3990	2	6	12	5
16	16717	32	38	39	40	41	4335	3915	4474	5	14	3950	13	11
17	16717	32	38	39	40	41	4266	4003	4392	4014	11	8	18	5
18	16717	32	38	39	40	41	4376	3938	4279	4077	11	6	22	8
19	16717	32	38	40	40	41	4326	3879	4314	4160	11	7	17	3
20	16717	32	38	39	40	41	4217	3898	4436	4111	12	5	26	12
21	16717	32	38	39	40	41	4371	3902	4286	4091	10	1	17	20	19
22	16717	32	38	39	40	41	4269	4040	4360	4002	16	6	18	6
23	16717	32	37	39	40	41	4362	3969	4258	15	13	4064	22	14
24	16717	32	37	39	40	41	4266	3999	4406	3984	14	13	21	14
25	16717	32	37	39	40	41	4244	4080	4270	12	13	4062	19	17
26	16717	32	37	39	40	41	4244	4100	4437	3851	25	14	27	19
27	16715	32	37	39	40	41	4291	4030	4508	3813	13	11	36	13
28	16702	32	37	39	40	41	4227	3956	4234	11	23	4220	22	9
29	16688	32	37	39	40	41	4265	4077	4289	3993	11	11	22	20
30	16677	32	37	39	40	41	4200	3782	4321	4247	20	18	59	30
31	16672	30	37	39	40	41	4090	4106	4312	4076	19	13	41	15
32	16666	30	37	39	40	41	4206	3877	4395	14	18	4102	40	14
33	16659	30	37	39	40	41	4286	3951	4274	4056	14	18	34	26
34	16650	30	37	39	40	41	4069	4166	4286	13	20	4048	32	16
35	16621	30	37	39	40	41	4229	3951	4448	3907	18	13	34	21
36	16593	30	37	39	40	41	4230	4065	4298	3900	21	11	44	24
37	16558	30	37	39	40	41	4121	4131	4225	20	12	4	3961	45	39
38	16516	30	37	39	40	41	4147	3875	4375	29	33	3990	39	28
39	16483	30	37	39	40	41	4282	3938	4233	3904	30	22	42	32
40	16434	30	37	39	40	41	4074	3952	4375	3941	15	15	37	25
41	16383	30	37	39	40	41	4231	3968	4273	3830	12	13	36	20
42	16330	30	36	39	40	41	4364	3885	4181	20	25	3798	29	28
43	16283	30	36	39	40	41	4090	3984	4045	4016	26	24	17	40	41
44	16229	30	36	39	40	41	4205	3902	4255	24	22	3763	35	23
45	16183	30	36	39	40	41	4129	3846	4149	3952	24	15	36	32
46	16124	30	36	38	40	41	4078	3872	4164	3896	22	24	40	28
47	16057	30	36	38	40	41	4026	3802	4416	3711	20	14	44	24
48	16005	30	36	38	40	41	4112	3826	4205	3765	14	20	41	22
49	15935	28	36	38	40	41	4044	3984	3979	3800	28	21	52	27
50	15857	28	36	38	40	41	4093	3918	3991	3758	15	18	37	27
51	15783	28	35	38	39	41	4025	3741	4095	14	18	3826	37	27
52	15720	28	35	38	39	41	3992	3743	4041	3824	22	21	45	32
53	15649	28	35	38	40	41	3955	3830	4049	3709	19	18	49	20
54	15586	28	36	38	40	41	4032	3702	3982	3772	20	16	44	18
55	15497	28	36	38	40	41	3991	3716	3914	3763	28	13	52	20
56	15414	28	36	38	40	41	4001	3626	4004	3676	16	21	42	28
57	15341	28	36	38	40	41	3966	3706	3993	3573	22	14	48	19
58	15250	28	35	38	40	41	3948	3629	4011	3526	23	4	16	59	34
59	15182	28	35	38	40	41	3920	3751	3792	3602	26	16	48	27
60	15080	28	35	38	40	41	3860	3541	4023	3550	22	11	52	21
61	14978	28	35	38	40	41	3899	3537	3689	3743	17	1	13	46	33
62	14875	28	35	38	40	41	3786	3568	3970	3438	19	9	57	28
63	14779	28	35	38	40	41	3977	3424	3775	3468	24	23	55	33
64	14646	27	34	38	40	41	3691	3593	3764	3482	19	22	41	34
65	14519	26	34	37	39	41	3641	3501	3817	3423	24	21	62	30
66	14388	26	34	37	39	41	3802	3481	3668	3318	23	18	46	32
67	14223	26	34	37	39	41	3609	3351	3601	3530	24	21	53	34
68	14049	26	34	37	39	41	3555	3435	3593	3342	20	22	44	38
69	13910	26	34	36	39	41	3607	3314	3566	3304	23	12	50	34
70	13715	26	34	36	39	41	3544	3227	3490	3328	27	21	49	29
71	13521	26	33	36	39	40	3455	3291	3423	3204	34	24	64	26
72	13329	26	33	36	39	40	3547	3101	3437	3128	25	1	12	44	34
73	13172	26	33	36	38	40	3329	3164	3389	3160	24	24	47	35
74	12997	26	33	36	38	40	3352	3090	3334	3062	18	14	86	41
75	12792	25	33	35	38	40	3436	3001	3275	2914	27	4	21	70	44
76	12564	22	31	34	36	39	3218	2946	3272	16	27	1	2971	75	38
77	12370	23	31	34	36	39	3304	2909	3139	2871	34	14	76	23
78	12182	24	32	35	37	39	3202	2836	3065	2934	31	1	16	67	30
79	11981	25	32	35	37	39	3243	2734	2956	2904	26	1	14	67	36
80	11781	26	32	35	36	39	3070	2658	3008	2904	23	16	74	28
81	11580	24	32	35	36	39	3011	2548	3043	2803	36	1	18	97	23
82	11408	24	32	35	36	39	3074	2501	2855	2794	35	26	88	35
83	11198	24	32	35	36	39	2956	2505	2777	2794	26	19	75	46
84	11015	24	32	34	36	39	3010	2480	2592	2731	32	21	106	43
85	10857	24	32	34	36	39	2907	2473	2563	2698	31	25	96	64
86	10633	22	32	34	36	39	2934	2391	2408	2669	33	23	111	64
87	10461	22	32	34	35	38	2933	101	2350	2593	33	30	2332	89
88	10313	22	32	34	35	37	2994	2313	2285	2434	29	29	103	126
89	10170	20	32	34	35	37	2839	2257	2315	2339	56	19	165	180
90	10001	20	32	34	35	37	2755	2148	2214	2366	60	33	204	221
91	9859	18	32	34	35	37	2702	2029	2216	2339	85	23	224	241
92	9723	18	31	34	35	37	2511	2012	2199	2275	135	25	272	294
93	9564	18	32	34	35	36	2663	1914	2082	2112	157	3	28	290	315
94	9408	16	31	34	35	36	2504	2016	1954	2036	212	26	334	326
95	9125	25	31	34	35	36	2408	1992	2117	1969	246	24	334	35
96	8878	2	31	34	35	36	2126	1853	2343	1887	277	17	346	29
97	8628	2	31	34	35	36	2071	1907	2241	2012	300	21	55	21
98	8366	2	31	34	35	36	2204	1879	1940	1939	308	1	10	48	37
99	8034	2	31	34	35	36	2101	1943	2070	1920
100	7725	2	31	34	35	36	2014	1558	2107	2046
kmer	count
TGCTG	5641
CTGCT	5623
ACTGC	4980
GCTGT	4819
CTGTA	4700
TGTAC	4638
TACTG	3068
CACTG	3046
TGACC	2739
CTTTA	2693
